[change.jpg]
filters=finetune2=1,0.561404,0.000000,0.000000,00000000,0.204678;
moddate=0d48c1cd0253cf01
width=594
height=372
textactive=0
